2742155411543
2792156511698
2762155611569
2742756777642
2782155811585
2752357933750
2702155011501
2792957199798
2732556255532
2742956399545
2782556455586
2712557555619
2772556655574
2702158711705
2742557855648
2742758977743
2762557055664
2712359133817
2742157211547
2782557355588
2762157411563
2782158511680
2782157611589
2762758777662
2702157811505
2772359933770
2732158011635
2702950199800
2792159211694
2712559355613
2782159411682
2702150511709
2702159611608
2742750777747
2722159811624
2712351933811
2742159011640
2712951199815
2762159211567
2772559355570
2782159411583
2702150511600
2702159611509
2752751777752
2732150811639
2792351933790
2752150011655
2752952199858
2742751277642
2702152311703
2762751477668
2742752577741
2752752677754
2712353733815
2772752877770
2712953999819
2722752077724
2762554155961
2782151211587
2742552355648
2702151411503
2722152511620
2732152611633
2772753777772
2752152811659
2742353933748
2772152011675
2742954199840
2752354233754
2742754377745
2772354433770
2712355533819
2792354633796
2712955799813
2742354833740
2762556955965
2762355033864
2732157111039
2702153211507
2762554355668
2732154411637
2742154511640
2752154611653
2722755777720
2772154811679
2762356933866
2792154011695
2762956199860
2792956299796
2712357333813
2702957499804
2712957599817
2752957699858
2762558755969
2742957899846
2732159911033
2762957099862
2752759177059
2712967299714
2702367333705
2762967499768
2732968599835
2752967699756
2732568755839
2772967899772
2742169911947
2792967099798
2702769177907
2702368233707
2722768377726
2722368433723
2762369533862
2742368633749
2752960799958
2792369833891
2712560955918
2712369033817
2782161111082
2762969299762
2722369333725
2752969499750
2752960599855
2772969699776
2752560755859
2792969899792
2762161911967
2702960099800
2792762177097
2732961299831
2762361333866
2752961499857
2752962599952
2772961699873
2712562755912
2792961899899
2782163911086
2712961099815
2732763177030
2752961299754
2742361333745
2772961499770
2772962599875
2792961699796
2722563755927
2702962899804
2782163911987
2752962099858
2712764177017
2732563255839
2752964399956
